0  0.05  591.569  1357.47  1
1  0.05  529.298  1357.47  1
2  0.05  467.028  1357.47  1
3  0.05  404.758  1357.47  1
4  0.05  342.487  1357.47  1
5  0.05  280.217  1357.47  1
6  0.05  217.946  1357.47  1
7  0.05  155.676  1357.47  1
8  0.05  93.4056  1357.47  1
9  0.05  31.1352  1357.47  1
10  0.05  591.569  1308.67  1
11  0.05  529.298  1308.67  1
12  0.05  467.028  1308.67  1
13  0.05  404.758  1308.67  1
14  0.05  342.487  1308.67  1
15  0.05  280.217  1308.67  1
16  0.05  217.946  1308.67  1
17  0.05  155.676  1308.67  1
18  0.05  93.4056  1308.67  1
19  0.05  31.1352  1308.67  1
20  0.05  591.569  1245.87  1
21  0.05  529.298  1245.87  1
22  0.05  467.028  1245.87  1
23  0.05  404.758  1245.87  1
24  0.05  342.487  1245.87  1
25  0.05  280.217  1245.87  1
26  0.05  217.946  1245.87  1
27  0.05  155.676  1245.87  1
28  0.05  93.4056  1245.87  1
29  0.05  31.1352  1245.87  1
30  0.05  591.569  1197.07  1
31  0.05  529.298  1197.07  1
32  0.05  467.028  1197.07  1
33  0.05  404.758  1197.07  1
34  0.05  342.487  1197.07  1
35  0.05  280.217  1197.07  1
36  0.05  217.946  1197.07  1
37  0.05  155.676  1197.07  1
38  0.05  93.4056  1197.07  1
39  0.05  31.1352  1197.07  1
40  0.05  591.569  1125.08  1
41  0.05  529.298  1125.08  1
42  0.05  467.028  1125.08  1
43  0.05  404.758  1125.08  1
44  0.05  342.487  1125.08  1
45  0.05  280.217  1125.08  1
46  0.05  217.946  1125.08  1
47  0.05  155.676  1125.08  1
48  0.05  93.4056  1125.08  1
49  0.05  31.1352  1125.08  1
50  0.05  591.569  1076.28  1
51  0.05  529.298  1076.28  1
52  0.05  467.028  1076.28  1
53  0.05  404.758  1076.28  1
54  0.05  342.487  1076.28  1
55  0.05  280.217  1076.28  1
56  0.05  217.946  1076.28  1
57  0.05  155.676  1076.28  1
58  0.05  93.4056  1076.28  1
59  0.05  31.1352  1076.28  1
60  0.05  591.569  1013.48  1
61  0.05  529.298  1013.48  1
62  0.05  467.028  1013.48  1
63  0.05  404.758  1013.48  1
64  0.05  342.487  1013.48  1
65  0.05  280.217  1013.48  1
66  0.05  217.946  1013.48  1
67  0.05  155.676  1013.48  1
68  0.05  93.4056  1013.48  1
69  0.05  31.1352  1013.48  1
70  0.05  591.569  964.679  1
71  0.05  529.298  964.679  1
72  0.05  467.028  964.679  1
73  0.05  404.758  964.679  1
74  0.05  342.487  964.679  1
75  0.05  280.217  964.679  1
76  0.05  217.946  964.679  1
77  0.05  155.676  964.679  1
78  0.05  93.4056  964.679  1
79  0.05  31.1352  964.679  1
80  0.05  591.569  892.689  1
81  0.05  529.298  892.689  1
82  0.05  467.028  892.689  1
83  0.05  404.758  892.689  1
84  0.05  342.487  892.689  1
85  0.05  280.217  892.689  1
86  0.05  217.946  892.689  1
87  0.05  155.676  892.689  1
88  0.05  93.4056  892.689  1
89  0.05  31.1352  892.689  1
90  0.05  591.569  843.889  1
91  0.05  529.298  843.889  1
92  0.05  467.028  843.889  1
93  0.05  404.758  843.889  1
94  0.05  342.487  843.889  1
95  0.05  280.217  843.889  1
96  0.05  217.946  843.889  1
97  0.05  155.676  843.889  1
98  0.05  93.4056  843.889  1
99  0.05  31.1352  843.889  1
100  0.05  591.569  781.089  1
101  0.05  529.298  781.089  1
102  0.05  467.028  781.089  1
103  0.05  404.758  781.089  1
104  0.05  342.487  781.089  1
105  0.05  280.217  781.089  1
106  0.05  217.946  781.089  1
107  0.05  155.676  781.089  1
108  0.05  93.4056  781.089  1
109  0.05  31.1352  781.089  1
110  0.05  591.569  732.289  1
111  0.05  529.298  732.289  1
112  0.05  467.028  732.289  1
113  0.05  404.758  732.289  1
114  0.05  342.487  732.289  1
115  0.05  280.217  732.289  1
116  0.05  217.946  732.289  1
117  0.05  155.676  732.289  1
118  0.05  93.4056  732.289  1
119  0.05  31.1352  732.289  1
120  0.05  591.569  660.299  1
121  0.05  529.298  660.299  1
122  0.05  467.028  660.299  1
123  0.05  404.758  660.299  1
124  0.05  342.487  660.299  1
125  0.05  280.217  660.299  1
126  0.05  217.946  660.299  1
127  0.05  155.676  660.299  1
128  0.05  93.4056  660.299  1
129  0.05  31.1352  660.299  1
130  0.05  591.569  611.499  1
131  0.05  529.298  611.499  1
132  0.05  467.028  611.499  1
133  0.05  404.758  611.499  1
134  0.05  342.487  611.499  1
135  0.05  280.217  611.499  1
136  0.05  217.946  611.499  1
137  0.05  155.676  611.499  1
138  0.05  93.4056  611.499  1
139  0.05  31.1352  611.499  1
140  0.05  591.569  548.699  1
141  0.05  529.298  548.699  1
142  0.05  467.028  548.699  1
143  0.05  404.758  548.699  1
144  0.05  342.487  548.699  1
145  0.05  280.217  548.699  1
146  0.05  217.946  548.699  1
147  0.05  155.676  548.699  1
148  0.05  93.4056  548.699  1
149  0.05  31.1352  548.699  1
150  0.05  591.569  499.899  1
151  0.05  529.298  499.899  1
152  0.05  467.028  499.899  1
153  0.05  404.758  499.899  1
154  0.05  342.487  499.899  1
155  0.05  280.217  499.899  1
156  0.05  217.946  499.899  1
157  0.05  155.676  499.899  1
158  0.05  93.4056  499.899  1
159  0.05  31.1352  499.899  1
160  0.05  591.569  427.909  1
161  0.05  529.298  427.909  1
162  0.05  467.028  427.909  1
163  0.05  404.758  427.909  1
164  0.05  342.487  427.909  1
165  0.05  280.217  427.909  1
166  0.05  217.946  427.909  1
167  0.05  155.676  427.909  1
168  0.05  93.4056  427.909  1
169  0.05  31.1352  427.909  1
170  0.05  591.569  379.109  1
171  0.05  529.298  379.109  1
172  0.05  467.028  379.109  1
173  0.05  404.758  379.109  1
174  0.05  342.487  379.109  1
175  0.05  280.217  379.109  1
176  0.05  217.946  379.109  1
177  0.05  155.676  379.109  1
178  0.05  93.4056  379.109  1
179  0.05  31.1352  379.109  1
180  0.05  591.569  316.309  1
181  0.05  529.298  316.309  1
182  0.05  467.028  316.309  1
183  0.05  404.758  316.309  1
184  0.05  342.487  316.309  1
185  0.05  280.217  316.309  1
186  0.05  217.946  316.309  1
187  0.05  155.676  316.309  1
188  0.05  93.4056  316.309  1
189  0.05  31.1352  316.309  1
190  0.05  591.569  267.509  1
191  0.05  529.298  267.509  1
192  0.05  467.028  267.509  1
193  0.05  404.758  267.509  1
194  0.05  342.487  267.509  1
195  0.05  280.217  267.509  1
196  0.05  217.946  267.509  1
197  0.05  155.676  267.509  1
198  0.05  93.4056  267.509  1
199  0.05  31.1352  267.509  1
200  0.05  591.569  195.519  1
201  0.05  529.298  195.519  1
202  0.05  467.028  195.519  1
203  0.05  404.758  195.519  1
204  0.05  342.487  195.519  1
205  0.05  280.217  195.519  1
206  0.05  217.946  195.519  1
207  0.05  155.676  195.519  1
208  0.05  93.4056  195.519  1
209  0.05  31.1352  195.519  1
210  0.05  591.569  146.719  1
211  0.05  529.298  146.719  1
212  0.05  467.028  146.719  1
213  0.05  404.758  146.719  1
214  0.05  342.487  146.719  1
215  0.05  280.217  146.719  1
216  0.05  217.946  146.719  1
217  0.05  155.676  146.719  1
218  0.05  93.4056  146.719  1
219  0.05  31.1352  146.719  1
220  0.05  591.569  83.9188  1
221  0.05  529.298  83.9188  1
222  0.05  467.028  83.9188  1
223  0.05  404.758  83.9188  1
224  0.05  342.487  83.9188  1
225  0.05  280.217  83.9188  1
226  0.05  217.946  83.9188  1
227  0.05  155.676  83.9188  1
228  0.05  93.4056  83.9188  1
229  0.05  31.1352  83.9188  1
230  0.05  591.569  35.1188  1
231  0.05  529.298  35.1188  1
232  0.05  467.028  35.1188  1
233  0.05  404.758  35.1188  1
234  0.05  342.487  35.1188  1
235  0.05  280.217  35.1188  1
236  0.05  217.946  35.1188  1
237  0.05  155.676  35.1188  1
238  0.05  93.4056  35.1188  1
239  0.05  31.1352  35.1188  1
240  -0.05  -31.1352  1357.47  1
241  -0.05  -93.4056  1357.47  1
242  -0.05  -155.676  1357.47  1
243  -0.05  -217.946  1357.47  1
244  -0.05  -280.217  1357.47  1
245  -0.05  -342.487  1357.47  1
246  -0.05  -404.758  1357.47  1
247  -0.05  -467.028  1357.47  1
248  -0.05  -529.298  1357.47  1
249  -0.05  -591.569  1357.47  1
250  -0.05  -31.1352  1308.67  1
251  -0.05  -93.4056  1308.67  1
252  -0.05  -155.676  1308.67  1
253  -0.05  -217.946  1308.67  1
254  -0.05  -280.217  1308.67  1
255  -0.05  -342.487  1308.67  1
256  -0.05  -404.758  1308.67  1
257  -0.05  -467.028  1308.67  1
258  -0.05  -529.298  1308.67  1
259  -0.05  -591.569  1308.67  1
260  -0.05  -31.1352  1245.87  1
261  -0.05  -93.4056  1245.87  1
262  -0.05  -155.676  1245.87  1
263  -0.05  -217.946  1245.87  1
264  -0.05  -280.217  1245.87  1
265  -0.05  -342.487  1245.87  1
266  -0.05  -404.758  1245.87  1
267  -0.05  -467.028  1245.87  1
268  -0.05  -529.298  1245.87  1
269  -0.05  -591.569  1245.87  1
270  -0.05  -31.1352  1197.07  1
271  -0.05  -93.4056  1197.07  1
272  -0.05  -155.676  1197.07  1
273  -0.05  -217.946  1197.07  1
274  -0.05  -280.217  1197.07  1
275  -0.05  -342.487  1197.07  1
276  -0.05  -404.758  1197.07  1
277  -0.05  -467.028  1197.07  1
278  -0.05  -529.298  1197.07  1
279  -0.05  -591.569  1197.07  1
280  -0.05  -31.1352  1125.08  1
281  -0.05  -93.4056  1125.08  1
282  -0.05  -155.676  1125.08  1
283  -0.05  -217.946  1125.08  1
284  -0.05  -280.217  1125.08  1
285  -0.05  -342.487  1125.08  1
286  -0.05  -404.758  1125.08  1
287  -0.05  -467.028  1125.08  1
288  -0.05  -529.298  1125.08  1
289  -0.05  -591.569  1125.08  1
290  -0.05  -31.1352  1076.28  1
291  -0.05  -93.4056  1076.28  1
292  -0.05  -155.676  1076.28  1
293  -0.05  -217.946  1076.28  1
294  -0.05  -280.217  1076.28  1
295  -0.05  -342.487  1076.28  1
296  -0.05  -404.758  1076.28  1
297  -0.05  -467.028  1076.28  1
298  -0.05  -529.298  1076.28  1
299  -0.05  -591.569  1076.28  1
300  -0.05  -31.1352  1013.48  1
301  -0.05  -93.4056  1013.48  1
302  -0.05  -155.676  1013.48  1
303  -0.05  -217.946  1013.48  1
304  -0.05  -280.217  1013.48  1
305  -0.05  -342.487  1013.48  1
306  -0.05  -404.758  1013.48  1
307  -0.05  -467.028  1013.48  1
308  -0.05  -529.298  1013.48  1
309  -0.05  -591.569  1013.48  1
310  -0.05  -31.1352  964.679  1
311  -0.05  -93.4056  964.679  1
312  -0.05  -155.676  964.679  1
313  -0.05  -217.946  964.679  1
314  -0.05  -280.217  964.679  1
315  -0.05  -342.487  964.679  1
316  -0.05  -404.758  964.679  1
317  -0.05  -467.028  964.679  1
318  -0.05  -529.298  964.679  1
319  -0.05  -591.569  964.679  1
320  -0.05  -31.1352  892.689  1
321  -0.05  -93.4056  892.689  1
322  -0.05  -155.676  892.689  1
323  -0.05  -217.946  892.689  1
324  -0.05  -280.217  892.689  1
325  -0.05  -342.487  892.689  1
326  -0.05  -404.758  892.689  1
327  -0.05  -467.028  892.689  1
328  -0.05  -529.298  892.689  1
329  -0.05  -591.569  892.689  1
330  -0.05  -31.1352  843.889  1
331  -0.05  -93.4056  843.889  1
332  -0.05  -155.676  843.889  1
333  -0.05  -217.946  843.889  1
334  -0.05  -280.217  843.889  1
335  -0.05  -342.487  843.889  1
336  -0.05  -404.758  843.889  1
337  -0.05  -467.028  843.889  1
338  -0.05  -529.298  843.889  1
339  -0.05  -591.569  843.889  1
340  -0.05  -31.1352  781.089  1
341  -0.05  -93.4056  781.089  1
342  -0.05  -155.676  781.089  1
343  -0.05  -217.946  781.089  1
344  -0.05  -280.217  781.089  1
345  -0.05  -342.487  781.089  1
346  -0.05  -404.758  781.089  1
347  -0.05  -467.028  781.089  1
348  -0.05  -529.298  781.089  1
349  -0.05  -591.569  781.089  1
350  -0.05  -31.1352  732.289  1
351  -0.05  -93.4056  732.289  1
352  -0.05  -155.676  732.289  1
353  -0.05  -217.946  732.289  1
354  -0.05  -280.217  732.289  1
355  -0.05  -342.487  732.289  1
356  -0.05  -404.758  732.289  1
357  -0.05  -467.028  732.289  1
358  -0.05  -529.298  732.289  1
359  -0.05  -591.569  732.289  1
360  -0.05  -31.1352  660.299  1
361  -0.05  -93.4056  660.299  1
362  -0.05  -155.676  660.299  1
363  -0.05  -217.946  660.299  1
364  -0.05  -280.217  660.299  1
365  -0.05  -342.487  660.299  1
366  -0.05  -404.758  660.299  1
367  -0.05  -467.028  660.299  1
368  -0.05  -529.298  660.299  1
369  -0.05  -591.569  660.299  1
370  -0.05  -31.1352  611.499  1
371  -0.05  -93.4056  611.499  1
372  -0.05  -155.676  611.499  1
373  -0.05  -217.946  611.499  1
374  -0.05  -280.217  611.499  1
375  -0.05  -342.487  611.499  1
376  -0.05  -404.758  611.499  1
377  -0.05  -467.028  611.499  1
378  -0.05  -529.298  611.499  1
379  -0.05  -591.569  611.499  1
380  -0.05  -31.1352  548.699  1
381  -0.05  -93.4056  548.699  1
382  -0.05  -155.676  548.699  1
383  -0.05  -217.946  548.699  1
384  -0.05  -280.217  548.699  1
385  -0.05  -342.487  548.699  1
386  -0.05  -404.758  548.699  1
387  -0.05  -467.028  548.699  1
388  -0.05  -529.298  548.699  1
389  -0.05  -591.569  548.699  1
390  -0.05  -31.1352  499.899  1
391  -0.05  -93.4056  499.899  1
392  -0.05  -155.676  499.899  1
393  -0.05  -217.946  499.899  1
394  -0.05  -280.217  499.899  1
395  -0.05  -342.487  499.899  1
396  -0.05  -404.758  499.899  1
397  -0.05  -467.028  499.899  1
398  -0.05  -529.298  499.899  1
399  -0.05  -591.569  499.899  1
400  -0.05  -31.1352  427.909  1
401  -0.05  -93.4056  427.909  1
402  -0.05  -155.676  427.909  1
403  -0.05  -217.946  427.909  1
404  -0.05  -280.217  427.909  1
405  -0.05  -342.487  427.909  1
406  -0.05  -404.758  427.909  1
407  -0.05  -467.028  427.909  1
408  -0.05  -529.298  427.909  1
409  -0.05  -591.569  427.909  1
410  -0.05  -31.1352  379.109  1
411  -0.05  -93.4056  379.109  1
412  -0.05  -155.676  379.109  1
413  -0.05  -217.946  379.109  1
414  -0.05  -280.217  379.109  1
415  -0.05  -342.487  379.109  1
416  -0.05  -404.758  379.109  1
417  -0.05  -467.028  379.109  1
418  -0.05  -529.298  379.109  1
419  -0.05  -591.569  379.109  1
420  -0.05  -31.1352  316.309  1
421  -0.05  -93.4056  316.309  1
422  -0.05  -155.676  316.309  1
423  -0.05  -217.946  316.309  1
424  -0.05  -280.217  316.309  1
425  -0.05  -342.487  316.309  1
426  -0.05  -404.758  316.309  1
427  -0.05  -467.028  316.309  1
428  -0.05  -529.298  316.309  1
429  -0.05  -591.569  316.309  1
430  -0.05  -31.1352  267.509  1
431  -0.05  -93.4056  267.509  1
432  -0.05  -155.676  267.509  1
433  -0.05  -217.946  267.509  1
434  -0.05  -280.217  267.509  1
435  -0.05  -342.487  267.509  1
436  -0.05  -404.758  267.509  1
437  -0.05  -467.028  267.509  1
438  -0.05  -529.298  267.509  1
439  -0.05  -591.569  267.509  1
440  -0.05  -31.1352  195.519  1
441  -0.05  -93.4056  195.519  1
442  -0.05  -155.676  195.519  1
443  -0.05  -217.946  195.519  1
444  -0.05  -280.217  195.519  1
445  -0.05  -342.487  195.519  1
446  -0.05  -404.758  195.519  1
447  -0.05  -467.028  195.519  1
448  -0.05  -529.298  195.519  1
449  -0.05  -591.569  195.519  1
450  -0.05  -31.1352  146.719  1
451  -0.05  -93.4056  146.719  1
452  -0.05  -155.676  146.719  1
453  -0.05  -217.946  146.719  1
454  -0.05  -280.217  146.719  1
455  -0.05  -342.487  146.719  1
456  -0.05  -404.758  146.719  1
457  -0.05  -467.028  146.719  1
458  -0.05  -529.298  146.719  1
459  -0.05  -591.569  146.719  1
460  -0.05  -31.1352  83.9188  1
461  -0.05  -93.4056  83.9188  1
462  -0.05  -155.676  83.9188  1
463  -0.05  -217.946  83.9188  1
464  -0.05  -280.217  83.9188  1
465  -0.05  -342.487  83.9188  1
466  -0.05  -404.758  83.9188  1
467  -0.05  -467.028  83.9188  1
468  -0.05  -529.298  83.9188  1
469  -0.05  -591.569  83.9188  1
470  -0.05  -31.1352  35.1188  1
471  -0.05  -93.4056  35.1188  1
472  -0.05  -155.676  35.1188  1
473  -0.05  -217.946  35.1188  1
474  -0.05  -280.217  35.1188  1
475  -0.05  -342.487  35.1188  1
476  -0.05  -404.758  35.1188  1
477  -0.05  -467.028  35.1188  1
478  -0.05  -529.298  35.1188  1
479  -0.05  -591.569  35.1188  1
