0  361.313  591.569  1357.47 1
1  361.313  529.298  1357.47 1
2  361.313  467.028  1357.47 1
3  361.313  404.758  1357.47 1
4  361.313  342.487  1357.47 1
5  361.313  280.217  1357.47 1
6  361.313  217.946  1357.47 1
7  361.313  155.676  1357.47 1
8  361.313  93.4056  1357.47 1
9  361.313  31.1352  1357.47 1
10  361.313  -31.1352  1357.47 1
11  361.313  -93.4056  1357.47 1
12  361.313  -155.676  1357.47 1
13  361.313  -217.946  1357.47 1
14  361.313  -280.217  1357.47 1
15  361.313  -342.487  1357.47 1
16  361.313  -404.758  1357.47 1
17  361.313  -467.028  1357.47 1
18  361.313  -529.298  1357.47 1
19  361.313  -591.569  1357.47 1
20  361.313  591.569  1308.67 1
21  361.313  529.298  1308.67 1
22  361.313  467.028  1308.67 1
23  361.313  404.758  1308.67 1
24  361.313  342.487  1308.67 1
25  361.313  280.217  1308.67 1
26  361.313  217.946  1308.67 1
27  361.313  155.676  1308.67 1
28  361.313  93.4056  1308.67 1
29  361.313  31.1352  1308.67 1
30  361.313  -31.1352  1308.67 1
31  361.313  -93.4056  1308.67 1
32  361.313  -155.676  1308.67 1
33  361.313  -217.946  1308.67 1
34  361.313  -280.217  1308.67 1
35  361.313  -342.487  1308.67 1
36  361.313  -404.758  1308.67 1
37  361.313  -467.028  1308.67 1
38  361.313  -529.298  1308.67 1
39  361.313  -591.569  1308.67 1
40  361.313  591.569  1245.87 1
41  361.313  529.298  1245.87 1
42  361.313  467.028  1245.87 1
43  361.313  404.758  1245.87 1
44  361.313  342.487  1245.87 1
45  361.313  280.217  1245.87 1
46  361.313  217.946  1245.87 1
47  361.313  155.676  1245.87 1
48  361.313  93.4056  1245.87 1
49  361.313  31.1352  1245.87 1
50  361.313  -31.1352  1245.87 1
51  361.313  -93.4056  1245.87 1
52  361.313  -155.676  1245.87 1
53  361.313  -217.946  1245.87 1
54  361.313  -280.217  1245.87 1
55  361.313  -342.487  1245.87 1
56  361.313  -404.758  1245.87 1
57  361.313  -467.028  1245.87 1
58  361.313  -529.298  1245.87 1
59  361.313  -591.569  1245.87 1
60  361.313  591.569  1197.07 1
61  361.313  529.298  1197.07 1
62  361.313  467.028  1197.07 1
63  361.313  404.758  1197.07 1
64  361.313  342.487  1197.07 1
65  361.313  280.217  1197.07 1
66  361.313  217.946  1197.07 1
67  361.313  155.676  1197.07 1
68  361.313  93.4056  1197.07 1
69  361.313  31.1352  1197.07 1
70  361.313  -31.1352  1197.07 1
71  361.313  -93.4056  1197.07 1
72  361.313  -155.676  1197.07 1
73  361.313  -217.946  1197.07 1
74  361.313  -280.217  1197.07 1
75  361.313  -342.487  1197.07 1
76  361.313  -404.758  1197.07 1
77  361.313  -467.028  1197.07 1
78  361.313  -529.298  1197.07 1
79  361.313  -591.569  1197.07 1
80  361.313  591.569  1125.08 1
81  361.313  529.298  1125.08 1
82  361.313  467.028  1125.08 1
83  361.313  404.758  1125.08 1
84  361.313  342.487  1125.08 1
85  361.313  280.217  1125.08 1
86  361.313  217.946  1125.08 1
87  361.313  155.676  1125.08 1
88  361.313  93.4056  1125.08 1
89  361.313  31.1352  1125.08 1
90  361.313  -31.1352  1125.08 1
91  361.313  -93.4056  1125.08 1
92  361.313  -155.676  1125.08 1
93  361.313  -217.946  1125.08 1
94  361.313  -280.217  1125.08 1
95  361.313  -342.487  1125.08 1
96  361.313  -404.758  1125.08 1
97  361.313  -467.028  1125.08 1
98  361.313  -529.298  1125.08 1
99  361.313  -591.569  1125.08 1
100  361.313  591.569  1076.28 1
101  361.313  529.298  1076.28 1
102  361.313  467.028  1076.28 1
103  361.313  404.758  1076.28 1
104  361.313  342.487  1076.28 1
105  361.313  280.217  1076.28 1
106  361.313  217.946  1076.28 1
107  361.313  155.676  1076.28 1
108  361.313  93.4056  1076.28 1
109  361.313  31.1352  1076.28 1
110  361.313  -31.1352  1076.28 1
111  361.313  -93.4056  1076.28 1
112  361.313  -155.676  1076.28 1
113  361.313  -217.946  1076.28 1
114  361.313  -280.217  1076.28 1
115  361.313  -342.487  1076.28 1
116  361.313  -404.758  1076.28 1
117  361.313  -467.028  1076.28 1
118  361.313  -529.298  1076.28 1
119  361.313  -591.569  1076.28 1
120  361.313  591.569  1013.48 1
121  361.313  529.298  1013.48 1
122  361.313  467.028  1013.48 1
123  361.313  404.758  1013.48 1
124  361.313  342.487  1013.48 1
125  361.313  280.217  1013.48 1
126  361.313  217.946  1013.48 1
127  361.313  155.676  1013.48 1
128  361.313  93.4056  1013.48 1
129  361.313  31.1352  1013.48 1
130  361.313  -31.1352  1013.48 1
131  361.313  -93.4056  1013.48 1
132  361.313  -155.676  1013.48 1
133  361.313  -217.946  1013.48 1
134  361.313  -280.217  1013.48 1
135  361.313  -342.487  1013.48 1
136  361.313  -404.758  1013.48 1
137  361.313  -467.028  1013.48 1
138  361.313  -529.298  1013.48 1
139  361.313  -591.569  1013.48 1
140  361.313  591.569  964.679 1
141  361.313  529.298  964.679 1
142  361.313  467.028  964.679 1
143  361.313  404.758  964.679 1
144  361.313  342.487  964.679 1
145  361.313  280.217  964.679 1
146  361.313  217.946  964.679 1
147  361.313  155.676  964.679 1
148  361.313  93.4056  964.679 1
149  361.313  31.1352  964.679 1
150  361.313  -31.1352  964.679 1
151  361.313  -93.4056  964.679 1
152  361.313  -155.676  964.679 1
153  361.313  -217.946  964.679 1
154  361.313  -280.217  964.679 1
155  361.313  -342.487  964.679 1
156  361.313  -404.758  964.679 1
157  361.313  -467.028  964.679 1
158  361.313  -529.298  964.679 1
159  361.313  -591.569  964.679 1
160  361.313  591.569  892.689 1
161  361.313  529.298  892.689 1
162  361.313  467.028  892.689 1
163  361.313  404.758  892.689 1
164  361.313  342.487  892.689 1
165  361.313  280.217  892.689 1
166  361.313  217.946  892.689 1
167  361.313  155.676  892.689 1
168  361.313  93.4056  892.689 1
169  361.313  31.1352  892.689 1
170  361.313  -31.1352  892.689 1
171  361.313  -93.4056  892.689 1
172  361.313  -155.676  892.689 1
173  361.313  -217.946  892.689 1
174  361.313  -280.217  892.689 1
175  361.313  -342.487  892.689 1
176  361.313  -404.758  892.689 1
177  361.313  -467.028  892.689 1
178  361.313  -529.298  892.689 1
179  361.313  -591.569  892.689 1
180  361.313  591.569  843.889 1
181  361.313  529.298  843.889 1
182  361.313  467.028  843.889 1
183  361.313  404.758  843.889 1
184  361.313  342.487  843.889 1
185  361.313  280.217  843.889 1
186  361.313  217.946  843.889 1
187  361.313  155.676  843.889 1
188  361.313  93.4056  843.889 1
189  361.313  31.1352  843.889 1
190  361.313  -31.1352  843.889 1
191  361.313  -93.4056  843.889 1
192  361.313  -155.676  843.889 1
193  361.313  -217.946  843.889 1
194  361.313  -280.217  843.889 1
195  361.313  -342.487  843.889 1
196  361.313  -404.758  843.889 1
197  361.313  -467.028  843.889 1
198  361.313  -529.298  843.889 1
199  361.313  -591.569  843.889 1
200  361.313  591.569  781.089 1
201  361.313  529.298  781.089 1
202  361.313  467.028  781.089 1
203  361.313  404.758  781.089 1
204  361.313  342.487  781.089 1
205  361.313  280.217  781.089 1
206  361.313  217.946  781.089 1
207  361.313  155.676  781.089 1
208  361.313  93.4056  781.089 1
209  361.313  31.1352  781.089 1
210  361.313  -31.1352  781.089 1
211  361.313  -93.4056  781.089 1
212  361.313  -155.676  781.089 1
213  361.313  -217.946  781.089 1
214  361.313  -280.217  781.089 1
215  361.313  -342.487  781.089 1
216  361.313  -404.758  781.089 1
217  361.313  -467.028  781.089 1
218  361.313  -529.298  781.089 1
219  361.313  -591.569  781.089 1
220  361.313  591.569  732.289 1
221  361.313  529.298  732.289 1
222  361.313  467.028  732.289 1
223  361.313  404.758  732.289 1
224  361.313  342.487  732.289 1
225  361.313  280.217  732.289 1
226  361.313  217.946  732.289 1
227  361.313  155.676  732.289 1
228  361.313  93.4056  732.289 1
229  361.313  31.1352  732.289 1
230  361.313  -31.1352  732.289 1
231  361.313  -93.4056  732.289 1
232  361.313  -155.676  732.289 1
233  361.313  -217.946  732.289 1
234  361.313  -280.217  732.289 1
235  361.313  -342.487  732.289 1
236  361.313  -404.758  732.289 1
237  361.313  -467.028  732.289 1
238  361.313  -529.298  732.289 1
239  361.313  -591.569  732.289 1
240  361.313  591.569  660.299 1
241  361.313  529.298  660.299 1
242  361.313  467.028  660.299 1
243  361.313  404.758  660.299 1
244  361.313  342.487  660.299 1
245  361.313  280.217  660.299 1
246  361.313  217.946  660.299 1
247  361.313  155.676  660.299 1
248  361.313  93.4056  660.299 1
249  361.313  31.1352  660.299 1
250  361.313  -31.1352  660.299 1
251  361.313  -93.4056  660.299 1
252  361.313  -155.676  660.299 1
253  361.313  -217.946  660.299 1
254  361.313  -280.217  660.299 1
255  361.313  -342.487  660.299 1
256  361.313  -404.758  660.299 1
257  361.313  -467.028  660.299 1
258  361.313  -529.298  660.299 1
259  361.313  -591.569  660.299 1
260  361.313  591.569  611.499 1
261  361.313  529.298  611.499 1
262  361.313  467.028  611.499 1
263  361.313  404.758  611.499 1
264  361.313  342.487  611.499 1
265  361.313  280.217  611.499 1
266  361.313  217.946  611.499 1
267  361.313  155.676  611.499 1
268  361.313  93.4056  611.499 1
269  361.313  31.1352  611.499 1
270  361.313  -31.1352  611.499 1
271  361.313  -93.4056  611.499 1
272  361.313  -155.676  611.499 1
273  361.313  -217.946  611.499 1
274  361.313  -280.217  611.499 1
275  361.313  -342.487  611.499 1
276  361.313  -404.758  611.499 1
277  361.313  -467.028  611.499 1
278  361.313  -529.298  611.499 1
279  361.313  -591.569  611.499 1
280  361.313  591.569  548.699 1
281  361.313  529.298  548.699 1
282  361.313  467.028  548.699 1
283  361.313  404.758  548.699 1
284  361.313  342.487  548.699 1
285  361.313  280.217  548.699 1
286  361.313  217.946  548.699 1
287  361.313  155.676  548.699 1
288  361.313  93.4056  548.699 1
289  361.313  31.1352  548.699 1
290  361.313  -31.1352  548.699 1
291  361.313  -93.4056  548.699 1
292  361.313  -155.676  548.699 1
293  361.313  -217.946  548.699 1
294  361.313  -280.217  548.699 1
295  361.313  -342.487  548.699 1
296  361.313  -404.758  548.699 1
297  361.313  -467.028  548.699 1
298  361.313  -529.298  548.699 1
299  361.313  -591.569  548.699 1
300  361.313  591.569  499.899 1
301  361.313  529.298  499.899 1
302  361.313  467.028  499.899 1
303  361.313  404.758  499.899 1
304  361.313  342.487  499.899 1
305  361.313  280.217  499.899 1
306  361.313  217.946  499.899 1
307  361.313  155.676  499.899 1
308  361.313  93.4056  499.899 1
309  361.313  31.1352  499.899 1
310  361.313  -31.1352  499.899 1
311  361.313  -93.4056  499.899 1
312  361.313  -155.676  499.899 1
313  361.313  -217.946  499.899 1
314  361.313  -280.217  499.899 1
315  361.313  -342.487  499.899 1
316  361.313  -404.758  499.899 1
317  361.313  -467.028  499.899 1
318  361.313  -529.298  499.899 1
319  361.313  -591.569  499.899 1
320  361.313  591.569  427.909 1
321  361.313  529.298  427.909 1
322  361.313  467.028  427.909 1
323  361.313  404.758  427.909 1
324  361.313  342.487  427.909 1
325  361.313  280.217  427.909 1
326  361.313  217.946  427.909 1
327  361.313  155.676  427.909 1
328  361.313  93.4056  427.909 1
329  361.313  31.1352  427.909 1
330  361.313  -31.1352  427.909 1
331  361.313  -93.4056  427.909 1
332  361.313  -155.676  427.909 1
333  361.313  -217.946  427.909 1
334  361.313  -280.217  427.909 1
335  361.313  -342.487  427.909 1
336  361.313  -404.758  427.909 1
337  361.313  -467.028  427.909 1
338  361.313  -529.298  427.909 1
339  361.313  -591.569  427.909 1
340  361.313  591.569  379.109 1
341  361.313  529.298  379.109 1
342  361.313  467.028  379.109 1
343  361.313  404.758  379.109 1
344  361.313  342.487  379.109 1
345  361.313  280.217  379.109 1
346  361.313  217.946  379.109 1
347  361.313  155.676  379.109 1
348  361.313  93.4056  379.109 1
349  361.313  31.1352  379.109 1
350  361.313  -31.1352  379.109 1
351  361.313  -93.4056  379.109 1
352  361.313  -155.676  379.109 1
353  361.313  -217.946  379.109 1
354  361.313  -280.217  379.109 1
355  361.313  -342.487  379.109 1
356  361.313  -404.758  379.109 1
357  361.313  -467.028  379.109 1
358  361.313  -529.298  379.109 1
359  361.313  -591.569  379.109 1
360  361.313  591.569  316.309 1
361  361.313  529.298  316.309 1
362  361.313  467.028  316.309 1
363  361.313  404.758  316.309 1
364  361.313  342.487  316.309 1
365  361.313  280.217  316.309 1
366  361.313  217.946  316.309 1
367  361.313  155.676  316.309 1
368  361.313  93.4056  316.309 1
369  361.313  31.1352  316.309 1
370  361.313  -31.1352  316.309 1
371  361.313  -93.4056  316.309 1
372  361.313  -155.676  316.309 1
373  361.313  -217.946  316.309 1
374  361.313  -280.217  316.309 1
375  361.313  -342.487  316.309 1
376  361.313  -404.758  316.309 1
377  361.313  -467.028  316.309 1
378  361.313  -529.298  316.309 1
379  361.313  -591.569  316.309 1
380  361.313  591.569  267.509 1
381  361.313  529.298  267.509 1
382  361.313  467.028  267.509 1
383  361.313  404.758  267.509 1
384  361.313  342.487  267.509 1
385  361.313  280.217  267.509 1
386  361.313  217.946  267.509 1
387  361.313  155.676  267.509 1
388  361.313  93.4056  267.509 1
389  361.313  31.1352  267.509 1
390  361.313  -31.1352  267.509 1
391  361.313  -93.4056  267.509 1
392  361.313  -155.676  267.509 1
393  361.313  -217.946  267.509 1
394  361.313  -280.217  267.509 1
395  361.313  -342.487  267.509 1
396  361.313  -404.758  267.509 1
397  361.313  -467.028  267.509 1
398  361.313  -529.298  267.509 1
399  361.313  -591.569  267.509 1
400  361.313  591.569  195.519 1
401  361.313  529.298  195.519 1
402  361.313  467.028  195.519 1
403  361.313  404.758  195.519 1
404  361.313  342.487  195.519 1
405  361.313  280.217  195.519 1
406  361.313  217.946  195.519 1
407  361.313  155.676  195.519 1
408  361.313  93.4056  195.519 1
409  361.313  31.1352  195.519 1
410  361.313  -31.1352  195.519 1
411  361.313  -93.4056  195.519 1
412  361.313  -155.676  195.519 1
413  361.313  -217.946  195.519 1
414  361.313  -280.217  195.519 1
415  361.313  -342.487  195.519 1
416  361.313  -404.758  195.519 1
417  361.313  -467.028  195.519 1
418  361.313  -529.298  195.519 1
419  361.313  -591.569  195.519 1
420  361.313  591.569  146.719 1
421  361.313  529.298  146.719 1
422  361.313  467.028  146.719 1
423  361.313  404.758  146.719 1
424  361.313  342.487  146.719 1
425  361.313  280.217  146.719 1
426  361.313  217.946  146.719 1
427  361.313  155.676  146.719 1
428  361.313  93.4056  146.719 1
429  361.313  31.1352  146.719 1
430  361.313  -31.1352  146.719 1
431  361.313  -93.4056  146.719 1
432  361.313  -155.676  146.719 1
433  361.313  -217.946  146.719 1
434  361.313  -280.217  146.719 1
435  361.313  -342.487  146.719 1
436  361.313  -404.758  146.719 1
437  361.313  -467.028  146.719 1
438  361.313  -529.298  146.719 1
439  361.313  -591.569  146.719 1
440  361.313  591.569  83.9188 1
441  361.313  529.298  83.9188 1
442  361.313  467.028  83.9188 1
443  361.313  404.758  83.9188 1
444  361.313  342.487  83.9188 1
445  361.313  280.217  83.9188 1
446  361.313  217.946  83.9188 1
447  361.313  155.676  83.9188 1
448  361.313  93.4056  83.9188 1
449  361.313  31.1352  83.9188 1
450  361.313  -31.1352  83.9188 1
451  361.313  -93.4056  83.9188 1
452  361.313  -155.676  83.9188 1
453  361.313  -217.946  83.9188 1
454  361.313  -280.217  83.9188 1
455  361.313  -342.487  83.9188 1
456  361.313  -404.758  83.9188 1
457  361.313  -467.028  83.9188 1
458  361.313  -529.298  83.9188 1
459  361.313  -591.569  83.9188 1
460  361.313  591.569  35.1188 1
461  361.313  529.298  35.1188 1
462  361.313  467.028  35.1188 1
463  361.313  404.758  35.1188 1
464  361.313  342.487  35.1188 1
465  361.313  280.217  35.1188 1
466  361.313  217.946  35.1188 1
467  361.313  155.676  35.1188 1
468  361.313  93.4056  35.1188 1
469  361.313  31.1352  35.1188 1
470  361.313  -31.1352  35.1188 1
471  361.313  -93.4056  35.1188 1
472  361.313  -155.676  35.1188 1
473  361.313  -217.946  35.1188 1
474  361.313  -280.217  35.1188 1
475  361.313  -342.487  35.1188 1
476  361.313  -404.758  35.1188 1
477  361.313  -467.028  35.1188 1
478  361.313  -529.298  35.1188 1
479  361.313  -591.569  35.1188 1
480  -362.313  591.569  1357.47 1
481  -362.313  521.972  1357.47 1
482  -362.313  452.376  1357.47 1
483  -362.313  382.78  1357.47 1
484  -362.313  313.183  1357.47 1
485  -362.313  243.587  1357.47 1
486  -362.313  173.991  1357.47 1
487  -362.313  104.394  1357.47 1
488  -362.313  34.7982  1357.47 1
489  -362.313  -34.7982  1357.47 1
490  -362.313  -104.394  1357.47 1
491  -362.313  -173.991  1357.47 1
492  -362.313  -243.587  1357.47 1
493  -362.313  -313.183  1357.47 1
494  -362.313  -382.78  1357.47 1
495  -362.313  -452.376  1357.47 1
496  -362.313  -521.972  1357.47 1
497  -362.313  -591.569  1357.47 1
498  -362.313  591.569  1308.67 1
499  -362.313  521.972  1308.67 1
500  -362.313  452.376  1308.67 1
501  -362.313  382.78  1308.67 1
502  -362.313  313.183  1308.67 1
503  -362.313  243.587  1308.67 1
504  -362.313  173.991  1308.67 1
505  -362.313  104.394  1308.67 1
506  -362.313  34.7982  1308.67 1
507  -362.313  -34.7982  1308.67 1
508  -362.313  -104.394  1308.67 1
509  -362.313  -173.991  1308.67 1
510  -362.313  -243.587  1308.67 1
511  -362.313  -313.183  1308.67 1
512  -362.313  -382.78  1308.67 1
513  -362.313  -452.376  1308.67 1
514  -362.313  -521.972  1308.67 1
515  -362.313  -591.569  1308.67 1
516  -362.313  591.569  1245.87 1
517  -362.313  521.972  1245.87 1
518  -362.313  452.376  1245.87 1
519  -362.313  382.78  1245.87 1
520  -362.313  313.183  1245.87 1
521  -362.313  243.587  1245.87 1
522  -362.313  173.991  1245.87 1
523  -362.313  104.394  1245.87 1
524  -362.313  34.7982  1245.87 1
525  -362.313  -34.7982  1245.87 1
526  -362.313  -104.394  1245.87 1
527  -362.313  -173.991  1245.87 1
528  -362.313  -243.587  1245.87 1
529  -362.313  -313.183  1245.87 1
530  -362.313  -382.78  1245.87 1
531  -362.313  -452.376  1245.87 1
532  -362.313  -521.972  1245.87 1
533  -362.313  -591.569  1245.87 1
534  -362.313  591.569  1197.07 1
535  -362.313  521.972  1197.07 1
536  -362.313  452.376  1197.07 1
537  -362.313  382.78  1197.07 1
538  -362.313  313.183  1197.07 1
539  -362.313  243.587  1197.07 1
540  -362.313  173.991  1197.07 1
541  -362.313  104.394  1197.07 1
542  -362.313  34.7982  1197.07 1
543  -362.313  -34.7982  1197.07 1
544  -362.313  -104.394  1197.07 1
545  -362.313  -173.991  1197.07 1
546  -362.313  -243.587  1197.07 1
547  -362.313  -313.183  1197.07 1
548  -362.313  -382.78  1197.07 1
549  -362.313  -452.376  1197.07 1
550  -362.313  -521.972  1197.07 1
551  -362.313  -591.569  1197.07 1
552  -362.313  591.569  1125.08 1
553  -362.313  521.972  1125.08 1
554  -362.313  452.376  1125.08 1
555  -362.313  382.78  1125.08 1
556  -362.313  313.183  1125.08 1
557  -362.313  243.587  1125.08 1
558  -362.313  173.991  1125.08 1
559  -362.313  104.394  1125.08 1
560  -362.313  34.7982  1125.08 1
561  -362.313  -34.7982  1125.08 1
562  -362.313  -104.394  1125.08 1
563  -362.313  -173.991  1125.08 1
564  -362.313  -243.587  1125.08 1
565  -362.313  -313.183  1125.08 1
566  -362.313  -382.78  1125.08 1
567  -362.313  -452.376  1125.08 1
568  -362.313  -521.972  1125.08 1
569  -362.313  -591.569  1125.08 1
570  -362.313  591.569  1076.28 1
571  -362.313  521.972  1076.28 1
572  -362.313  452.376  1076.28 1
573  -362.313  382.78  1076.28 1
574  -362.313  313.183  1076.28 1
575  -362.313  243.587  1076.28 1
576  -362.313  173.991  1076.28 1
577  -362.313  104.394  1076.28 1
578  -362.313  34.7982  1076.28 1
579  -362.313  -34.7982  1076.28 1
580  -362.313  -104.394  1076.28 1
581  -362.313  -173.991  1076.28 1
582  -362.313  -243.587  1076.28 1
583  -362.313  -313.183  1076.28 1
584  -362.313  -382.78  1076.28 1
585  -362.313  -452.376  1076.28 1
586  -362.313  -521.972  1076.28 1
587  -362.313  -591.569  1076.28 1
588  -362.313  591.569  1013.48 1
589  -362.313  521.972  1013.48 1
590  -362.313  452.376  1013.48 1
591  -362.313  382.78  1013.48 1
592  -362.313  313.183  1013.48 1
593  -362.313  243.587  1013.48 1
594  -362.313  173.991  1013.48 1
595  -362.313  104.394  1013.48 1
596  -362.313  34.7982  1013.48 1
597  -362.313  -34.7982  1013.48 1
598  -362.313  -104.394  1013.48 1
599  -362.313  -173.991  1013.48 1
600  -362.313  -243.587  1013.48 1
601  -362.313  -313.183  1013.48 1
602  -362.313  -382.78  1013.48 1
603  -362.313  -452.376  1013.48 1
604  -362.313  -521.972  1013.48 1
605  -362.313  -591.569  1013.48 1
606  -362.313  591.569  964.679 1
607  -362.313  521.972  964.679 1
608  -362.313  452.376  964.679 1
609  -362.313  382.78  964.679 1
610  -362.313  313.183  964.679 1
611  -362.313  243.587  964.679 1
612  -362.313  173.991  964.679 1
613  -362.313  104.394  964.679 1
614  -362.313  34.7982  964.679 1
615  -362.313  -34.7982  964.679 1
616  -362.313  -104.394  964.679 1
617  -362.313  -173.991  964.679 1
618  -362.313  -243.587  964.679 1
619  -362.313  -313.183  964.679 1
620  -362.313  -382.78  964.679 1
621  -362.313  -452.376  964.679 1
622  -362.313  -521.972  964.679 1
623  -362.313  -591.569  964.679 1
624  -362.313  591.569  892.689 1
625  -362.313  521.972  892.689 1
626  -362.313  452.376  892.689 1
627  -362.313  382.78  892.689 1
628  -362.313  313.183  892.689 1
629  -362.313  243.587  892.689 1
630  -362.313  173.991  892.689 1
631  -362.313  104.394  892.689 1
632  -362.313  34.7982  892.689 1
633  -362.313  -34.7982  892.689 1
634  -362.313  -104.394  892.689 1
635  -362.313  -173.991  892.689 1
636  -362.313  -243.587  892.689 1
637  -362.313  -313.183  892.689 1
638  -362.313  -382.78  892.689 1
639  -362.313  -452.376  892.689 1
640  -362.313  -521.972  892.689 1
641  -362.313  -591.569  892.689 1
642  -362.313  591.569  843.889 1
643  -362.313  521.972  843.889 1
644  -362.313  452.376  843.889 1
645  -362.313  382.78  843.889 1
646  -362.313  313.183  843.889 1
647  -362.313  243.587  843.889 1
648  -362.313  173.991  843.889 1
649  -362.313  104.394  843.889 1
650  -362.313  34.7982  843.889 1
651  -362.313  -34.7982  843.889 1
652  -362.313  -104.394  843.889 1
653  -362.313  -173.991  843.889 1
654  -362.313  -243.587  843.889 1
655  -362.313  -313.183  843.889 1
656  -362.313  -382.78  843.889 1
657  -362.313  -452.376  843.889 1
658  -362.313  -521.972  843.889 1
659  -362.313  -591.569  843.889 1
660  -362.313  591.569  781.089 1
661  -362.313  521.972  781.089 1
662  -362.313  452.376  781.089 1
663  -362.313  382.78  781.089 1
664  -362.313  313.183  781.089 1
665  -362.313  243.587  781.089 1
666  -362.313  173.991  781.089 1
667  -362.313  104.394  781.089 1
668  -362.313  34.7982  781.089 1
669  -362.313  -34.7982  781.089 1
670  -362.313  -104.394  781.089 1
671  -362.313  -173.991  781.089 1
672  -362.313  -243.587  781.089 1
673  -362.313  -313.183  781.089 1
674  -362.313  -382.78  781.089 1
675  -362.313  -452.376  781.089 1
676  -362.313  -521.972  781.089 1
677  -362.313  -591.569  781.089 1
678  -362.313  591.569  732.289 1
679  -362.313  521.972  732.289 1
680  -362.313  452.376  732.289 1
681  -362.313  382.78  732.289 1
682  -362.313  313.183  732.289 1
683  -362.313  243.587  732.289 1
684  -362.313  173.991  732.289 1
685  -362.313  104.394  732.289 1
686  -362.313  34.7982  732.289 1
687  -362.313  -34.7982  732.289 1
688  -362.313  -104.394  732.289 1
689  -362.313  -173.991  732.289 1
690  -362.313  -243.587  732.289 1
691  -362.313  -313.183  732.289 1
692  -362.313  -382.78  732.289 1
693  -362.313  -452.376  732.289 1
694  -362.313  -521.972  732.289 1
695  -362.313  -591.569  732.289 1
696  -362.313  591.569  660.299 1
697  -362.313  521.972  660.299 1
698  -362.313  452.376  660.299 1
699  -362.313  382.78  660.299 1
700  -362.313  313.183  660.299 1
701  -362.313  243.587  660.299 1
702  -362.313  173.991  660.299 1
703  -362.313  104.394  660.299 1
704  -362.313  34.7982  660.299 1
705  -362.313  -34.7982  660.299 1
706  -362.313  -104.394  660.299 1
707  -362.313  -173.991  660.299 1
708  -362.313  -243.587  660.299 1
709  -362.313  -313.183  660.299 1
710  -362.313  -382.78  660.299 1
711  -362.313  -452.376  660.299 1
712  -362.313  -521.972  660.299 1
713  -362.313  -591.569  660.299 1
714  -362.313  591.569  611.499 1
715  -362.313  521.972  611.499 1
716  -362.313  452.376  611.499 1
717  -362.313  382.78  611.499 1
718  -362.313  313.183  611.499 1
719  -362.313  243.587  611.499 1
720  -362.313  173.991  611.499 1
721  -362.313  104.394  611.499 1
722  -362.313  34.7982  611.499 1
723  -362.313  -34.7982  611.499 1
724  -362.313  -104.394  611.499 1
725  -362.313  -173.991  611.499 1
726  -362.313  -243.587  611.499 1
727  -362.313  -313.183  611.499 1
728  -362.313  -382.78  611.499 1
729  -362.313  -452.376  611.499 1
730  -362.313  -521.972  611.499 1
731  -362.313  -591.569  611.499 1
732  -362.313  591.569  548.699 1
733  -362.313  521.972  548.699 1
734  -362.313  452.376  548.699 1
735  -362.313  382.78  548.699 1
736  -362.313  313.183  548.699 1
737  -362.313  243.587  548.699 1
738  -362.313  173.991  548.699 1
739  -362.313  104.394  548.699 1
740  -362.313  34.7982  548.699 1
741  -362.313  -34.7982  548.699 1
742  -362.313  -104.394  548.699 1
743  -362.313  -173.991  548.699 1
744  -362.313  -243.587  548.699 1
745  -362.313  -313.183  548.699 1
746  -362.313  -382.78  548.699 1
747  -362.313  -452.376  548.699 1
748  -362.313  -521.972  548.699 1
749  -362.313  -591.569  548.699 1
750  -362.313  591.569  499.899 1
751  -362.313  521.972  499.899 1
752  -362.313  452.376  499.899 1
753  -362.313  382.78  499.899 1
754  -362.313  313.183  499.899 1
755  -362.313  243.587  499.899 1
756  -362.313  173.991  499.899 1
757  -362.313  104.394  499.899 1
758  -362.313  34.7982  499.899 1
759  -362.313  -34.7982  499.899 1
760  -362.313  -104.394  499.899 1
761  -362.313  -173.991  499.899 1
762  -362.313  -243.587  499.899 1
763  -362.313  -313.183  499.899 1
764  -362.313  -382.78  499.899 1
765  -362.313  -452.376  499.899 1
766  -362.313  -521.972  499.899 1
767  -362.313  -591.569  499.899 1
768  -362.313  591.569  427.909 1
769  -362.313  521.972  427.909 1
770  -362.313  452.376  427.909 1
771  -362.313  382.78  427.909 1
772  -362.313  313.183  427.909 1
773  -362.313  243.587  427.909 1
774  -362.313  173.991  427.909 1
775  -362.313  104.394  427.909 1
776  -362.313  34.7982  427.909 1
777  -362.313  -34.7982  427.909 1
778  -362.313  -104.394  427.909 1
779  -362.313  -173.991  427.909 1
780  -362.313  -243.587  427.909 1
781  -362.313  -313.183  427.909 1
782  -362.313  -382.78  427.909 1
783  -362.313  -452.376  427.909 1
784  -362.313  -521.972  427.909 1
785  -362.313  -591.569  427.909 1
786  -362.313  591.569  379.109 1
787  -362.313  521.972  379.109 1
788  -362.313  452.376  379.109 1
789  -362.313  382.78  379.109 1
790  -362.313  313.183  379.109 1
791  -362.313  243.587  379.109 1
792  -362.313  173.991  379.109 1
793  -362.313  104.394  379.109 1
794  -362.313  34.7982  379.109 1
795  -362.313  -34.7982  379.109 1
796  -362.313  -104.394  379.109 1
797  -362.313  -173.991  379.109 1
798  -362.313  -243.587  379.109 1
799  -362.313  -313.183  379.109 1
800  -362.313  -382.78  379.109 1
801  -362.313  -452.376  379.109 1
802  -362.313  -521.972  379.109 1
803  -362.313  -591.569  379.109 1
804  -362.313  591.569  316.309 1
805  -362.313  521.972  316.309 1
806  -362.313  452.376  316.309 1
807  -362.313  382.78  316.309 1
808  -362.313  313.183  316.309 1
809  -362.313  243.587  316.309 1
810  -362.313  173.991  316.309 1
811  -362.313  104.394  316.309 1
812  -362.313  34.7982  316.309 1
813  -362.313  -34.7982  316.309 1
814  -362.313  -104.394  316.309 1
815  -362.313  -173.991  316.309 1
816  -362.313  -243.587  316.309 1
817  -362.313  -313.183  316.309 1
818  -362.313  -382.78  316.309 1
819  -362.313  -452.376  316.309 1
820  -362.313  -521.972  316.309 1
821  -362.313  -591.569  316.309 1
822  -362.313  591.569  267.509 1
823  -362.313  521.972  267.509 1
824  -362.313  452.376  267.509 1
825  -362.313  382.78  267.509 1
826  -362.313  313.183  267.509 1
827  -362.313  243.587  267.509 1
828  -362.313  173.991  267.509 1
829  -362.313  104.394  267.509 1
830  -362.313  34.7982  267.509 1
831  -362.313  -34.7982  267.509 1
832  -362.313  -104.394  267.509 1
833  -362.313  -173.991  267.509 1
834  -362.313  -243.587  267.509 1
835  -362.313  -313.183  267.509 1
836  -362.313  -382.78  267.509 1
837  -362.313  -452.376  267.509 1
838  -362.313  -521.972  267.509 1
839  -362.313  -591.569  267.509 1
840  -362.313  591.569  195.519 1
841  -362.313  521.972  195.519 1
842  -362.313  452.376  195.519 1
843  -362.313  382.78  195.519 1
844  -362.313  313.183  195.519 1
845  -362.313  243.587  195.519 1
846  -362.313  173.991  195.519 1
847  -362.313  104.394  195.519 1
848  -362.313  34.7982  195.519 1
849  -362.313  -34.7982  195.519 1
850  -362.313  -104.394  195.519 1
851  -362.313  -173.991  195.519 1
852  -362.313  -243.587  195.519 1
853  -362.313  -313.183  195.519 1
854  -362.313  -382.78  195.519 1
855  -362.313  -452.376  195.519 1
856  -362.313  -521.972  195.519 1
857  -362.313  -591.569  195.519 1
858  -362.313  591.569  146.719 1
859  -362.313  521.972  146.719 1
860  -362.313  452.376  146.719 1
861  -362.313  382.78  146.719 1
862  -362.313  313.183  146.719 1
863  -362.313  243.587  146.719 1
864  -362.313  173.991  146.719 1
865  -362.313  104.394  146.719 1
866  -362.313  34.7982  146.719 1
867  -362.313  -34.7982  146.719 1
868  -362.313  -104.394  146.719 1
869  -362.313  -173.991  146.719 1
870  -362.313  -243.587  146.719 1
871  -362.313  -313.183  146.719 1
872  -362.313  -382.78  146.719 1
873  -362.313  -452.376  146.719 1
874  -362.313  -521.972  146.719 1
875  -362.313  -591.569  146.719 1
876  -362.313  591.569  83.9188 1
877  -362.313  521.972  83.9188 1
878  -362.313  452.376  83.9188 1
879  -362.313  382.78  83.9188 1
880  -362.313  313.183  83.9188 1
881  -362.313  243.587  83.9188 1
882  -362.313  173.991  83.9188 1
883  -362.313  104.394  83.9188 1
884  -362.313  34.7982  83.9188 1
885  -362.313  -34.7982  83.9188 1
886  -362.313  -104.394  83.9188 1
887  -362.313  -173.991  83.9188 1
888  -362.313  -243.587  83.9188 1
889  -362.313  -313.183  83.9188 1
890  -362.313  -382.78  83.9188 1
891  -362.313  -452.376  83.9188 1
892  -362.313  -521.972  83.9188 1
893  -362.313  -591.569  83.9188 1
894  -362.313  591.569  35.1188 1
895  -362.313  521.972  35.1188 1
896  -362.313  452.376  35.1188 1
897  -362.313  382.78  35.1188 1
898  -362.313  313.183  35.1188 1
899  -362.313  243.587  35.1188 1
900  -362.313  173.991  35.1188 1
901  -362.313  104.394  35.1188 1
902  -362.313  34.7982  35.1188 1
903  -362.313  -34.7982  35.1188 1
904  -362.313  -104.394  35.1188 1
905  -362.313  -173.991  35.1188 1
906  -362.313  -243.587  35.1188 1
907  -362.313  -313.183  35.1188 1
908  -362.313  -382.78  35.1188 1
909  -362.313  -452.376  35.1188 1
910  -362.313  -521.972  35.1188 1
911  -362.313  -591.569  35.1188 1
